# List of datasets to include in analyses

IDs <- c(10,14,18,20,21,26,27,29,32,34,38)

excluded <- c(49)